9374
7720
6817
9404
6858
4926
1232
4764
8408
370
580
4664
1627
1701
4285
67
2090
2991
7859
3342
4476
6065
7857
6619
3368
4010
6136
4167
5711
489
8532
1716
5821
734
9131
4509
4692
6681
3865
34
3748
5912
4694
6341
2529
2892
3962
8043
1400
5708
2573
3766
3018
2415
4670
3309
9862
198
6035
2847
8789
7065
9052
7918
1837
8864
8842
893
2569
9775
5374
5409
9125
7824
9593
8564
1370
1516
4089
476
47
8092
2766
3
7916
4766
8698
3406
6063
5822
4646
4494
646
1017
1245
6683
6859
6776
4503
3665