9417
6768
849
1460
4826
8324
9774
9895
4057
7583
3300
3967
4807
867
7993
8573
2744
1753
7942
8468
1585
4172
8154
7336
2763
5876
925
8478
8353
3081
3133
8296
739
650
1105
1154
4277
9953
5006
2884
8944
5858
1592
1047
273
9753
2265
3381
7942
6946
7750
1173
1692
7504
5988
5244
8613
3513
8696
8950
7398
1296
1542
976
4450
5004
3227
4156
9761
6839
4295
2790
6747
5057
9523
5726
2580
7107
7063
3009
3611
7543
535
1406
5331
1959
6603
3234
4662
5861
2540
764
1256
6056
5485
7648
4316
615
6597
5268
6525
8108
3620
1103
2650
4959
4426
6635
7981
261
2664
1506
6450
5686
5339
9855
761
135
5645
2490
8401
9992
9494
3900
4298
3531
1534
690
9572
1875
1410
1964
509
1794
6484
5503
3923
9431
8756
371
7532
9968
5253
4400
3196
1034
4313
5569
717
5630
6887
4180
4970
4106
6866
6532
8613
9719
6805
9119
3424
3735
7062
6106
8850
700
996
4655
9202
9836
5931
1329
1379
5274
4958
8433
4739
5094
703
3264
9217
5964
9973
3941
4987
7230
6994
6403
4928
9951
6889
4203
2626
9636
6946
3796
2905
9147
5549
2496
37
9658
6367
881
9698
5557
2800
9696
9148
8433
1793
3518
9016
3540
9901
7460
3762
3120
1118
1619
3706
4593
9727
9251
2946
1727
8702
1742
8327
1161
5528
5591
9544
8206
3227
9558
9596
9092
4242
9429
4430
7297
7254
6495
8157
3371
5187
9085
9735
9486
34
9784
8029
3929
8790
5443
9931
7116
7934
7970
6855
1057
1368
7987
2905
6201
3974
810
313
342
7863
4669
8877
1688
7189
6408
7339
3231
1093
9575
6540
9616
2007
8841
1126
5743
7562
5614
9415
7783
9627
2480
1157
6271
2574
3373
5929
9267
3590
1955
9397
4377
8772
9392
1622
5365
906
6340
6740
2382
8104
6699
6022
8359
1430
7238
9049
2527
6860
7161
8638
8359
1394
2529
715
5383
3511
2605
9113
3815
478
8071
9641
9137
178
2163
844
2615
7218
5761
4836
1222
8874
7033
9679
2927
6458
2798
4841
5336
4323
3401
2407
6428
3316
1037
2982
6243
8677
6239
1853
8300
7226
2925
1903
32
7058
6884
8181
9266
6393
6434
5309
1098
2324
7416
9485
4360
2849
7787
8925
713
7764
3777
9491
7077
5664
3212
5820
9140
9180
4600
3938
979
3907
6536
3995
5948
5129
9647
5869
9573
4616
5575
8942
7889
8092
1308
4104
5900
1552
8622
3393
889
7314
1140
536
3449
3433
4825
4367
3845
1063
9041
85
1792
2496
4330
7190
5788
3420
3536
9231
3202
1917
9351
6096
2189
4834
1602
8985
4356
9108
9920
7587
558
1207
3048
3664
2766
6000
546
2515
303
5279
2024
8509
5575
5489
7149
5393
3762
4117
8316
2479
8016
9391
191
8971
7962
5044
8347
8615
1831
5840
11
4736
1143
1453
9527
585
9447
665
4424
9787
2874
1020
8927
7923
9893
842
520
6699
7684
6209
5223
238
792
7440
9570
9417
6768
849
1460
4826
8324
9774
9895
4057
7583
3300
3967
4807
867
7993
8573
2744
1753
7942
8468
1585
4172
8154
7336
2763
5876
925
8478
8353
3081
3133
8296
739
650
1105
1154
4277
9953
5006
2884
8944
5858
1592
1047
273
9753
2265
3381
7942
6946
7750
1173
1692
7504
5988
5244
8613
3513
8696
8950
7398
1296
1542
976
4450
5004
3227
4156
9761
6839
4295
2790
6747
5057
9523
5726
2580
7107
7063
3009
3611
7543
535
1406
5331
1959
6603
3234
4662
5861
2540
764
1256
6056
5485
7648
4316
615
6597
5268
6525
8108
3620
1103
2650
4959
4426
6635
7981
261
2664
1506
6450
5686
5339
9855
761
135
5645
2490
8401
9992
9494
3900
4298
3531
1534
690
9572
1875
1410
1964
509
1794
6484
5503
3923
9431
8756
371
7532
9968
5253
4400
3196
1034
4313
5569
717
5630
6887
4180
4970
4106
6866
6532
8613
9719
6805
9119
3424
3735
7062
6106
8850
700
996
4655
9202
9836
5931
1329
1379
5274
4958
8433
4739
5094
703
3264
9217
5964
9973
3941
4987
7230
6994
6403
4928
9951
6889
4203
2626
9636
6946
3796
2905
9147
5549
2496
37
9658
6367
881
9698
5557
2800
9696
9148
8433
1793
3518
9016
3540
9901
7460
3762
3120
1118
1619
3706
4593
9727
9251
2946
1727
8702
1742
8327
1161
5528
5591
9544
8206
3227
9558
9596
9092
4242
9429
4430
7297
7254
6495
8157
3371
5187
9085
9735
9486
34
9784
8029
3929
8790
5443
9931
7116
7934
7970
6855
1057
1368
7987
2905
6201
3974
810
313
342
7863
4669
8877
1688
7189
6408
7339
3231
1093
9575
6540
9616
2007
8841
1126
5743
7562
5614
9415
7783
9627
2480
1157
6271
2574
3373
5929
9267
3590
1955
9397
4377
8772
9392
1622
5365
906
6340
6740
2382
8104
6699
6022
8359
1430
7238
9049
2527
6860
7161
8638
8359
1394
2529
715
5383
3511
2605
9113
3815
478
8071
9641
9137
178
2163
844
2615
7218
5761
4836
1222
8874
7033
9679
2927
6458
2798
4841
5336
4323
3401
2407
6428
3316
1037
2982
6243
8677
6239
1853
8300
7226
2925
1903
32
7058
6884
8181
9266
6393
6434
5309
1098
2324
7416
9485
4360
2849
7787
8925
713
7764
3777
9491
7077
5664
3212
5820
9140
9180
4600
3938
979
3907
6536
3995
5948
5129
9647
5869
9573
4616
5575
8942
7889
8092
1308
4104
5900
1552
8622
3393
889
7314
1140
536
3449
3433
4825
4367
3845
1063
9041
85
1792
2496
4330
7190
5788
3420
3536
9231
3202
1917
9351
6096
2189
4834
1602
8985
4356
9108
9920
7587
558
1207
3048
3664
2766
6000
546
2515
303
5279
2024
8509
5575
5489
7149
5393
3762
4117
8316
2479
8016
9391
191
8971
7962
5044
8347
8615
1831
5840
11
4736
1143
1453
9527
585
9447
665
4424
9787
2874
1020
8927
7923
9893
842
520
6699
7684
6209
5223
238
792
7440
9570